939
243
730
275
826
599
510
857
114
33
819
547
624
613
194
983
463
966
436
359
229
144
960
977
907
695
169
583
214
799
200
420
863
622
862
751
94
128
953
340
481
641
619
285
933
870
818
737
503
716
30
28
87
173
745
575
73
530
751
312
213
826
138
959
364
408
57
850
739
79
535
101
972
702
965
996
57
364
772
58
687
284
327
654
137
694
664
21
770
461
462
604
513
605
130
817
565
420
784
634
874
90
404
72
825
17
984
179
894
260
800
2
43
185
875
411
492
299
152
393
250
134
530
972
881
952
997
211
749
422
355
621
285
273
869
613
825
813
833
141
90
904
897
901
444
619
144
440
584
113
187
421
721
770
212
429
517
88
743
386
417
453
435
178
996
633
173
7
798
112
134
881
431
245
646
352
869
447
272
181
335
568
388
838
462
140
450
336
932
763
81
911
12
363
925
350
244
850
980
189
874
588
674
461
144
515
330
447
250
306
449
551
114
328
151
549
458
661
654
810
239
64
172
267
583
899
17
829
479
899
648
651
370
658
375
500
7
206
943
515
124
110
496
299
966
219
395
420
46
613
579
997
86
315
158
428
591
975
328
327
773
500
18
627
147
99
833
433
66
439
334
218
550
128
745
756
175
467
336
583
244
35
306
524
760
337
338
900
730
713
712
977
248
242
928
0
182
247
979
649
647
619
87
1000
251
174
535
683
134
332
627
157
309
939
535
955
711
103
319
18
829
703
654
59
617
688
204
156
41
899
553
459
66
298
436
988
233
754
273
465
655
508
222
685
770
731
325
569
444
726
708
971
363
940
320
864
328
368
941
147
207
939
468
634
967
287
431
220
205
805
898
856
436
200
485
197
99
608
956
746
680
69
620
901
954
375
686
799
498
802
452
923
549
403
994
983
475
463
56
862
621
851
840
956
344
928
928
275
997
371
103
591
187
502
809
696
782
591
508
658
916
457
956
854
25
363
344
372
717
92
322
564
168
295
904
136
797
604
826
27
252
574
623
540
148
454
669
738
12
434
737
239
481
915
712
128
874
346
350
736
772
772
299
546
175
417
328
908
910
349
799
692
889
199
147
304
466
669
806
637
230
740
594
875
187
271
187
312
395
252
414
676
91
980
795
325
173
741
746
256
1
843
164
192
814
646
783
27
783
837
729
640
414
771
479
428
255
747
246
269
850
899
812
461
699
52
477
595
665
979
176
864
520
299
788
80
558
360
844
757
239
845
362
424
740
311
754
410
373
481
181
861
689
825
492
391
47
480
390
315
222
468
940
890
218
134
186
780
346
6
4
161
4
855
254
53
785
486
603
664
205
313
339
9
391
728
562
289
440
903
18
489
607
931
193
544
202
679
410
889
517
680
116
353
742
28
531
492
796
460
965
621
459
831
949
596
365
867
847
454
318
944
209
696
602
818
682
976
356
764
767
369
704
152
83
11
290
367
228
989
708
362
399
703
635
433
688
567
333
835
756
989
33
654
737
81
708
138
929
777
416
465
423
230
438
341
217
897
695
863
956
948
332
366
10
10
562
207
429
81
205
119
215
385
193
329
996
14
992
373
344
893
670
607
202
701
255
392
924
744
662
461
158
753
345
247
472
956
542
886
555
552
210
817
37
85
821
969
269
62
221
831
668
282
456
926
221
316
69
90
459
564
569
470
853
854
823
5
274
579
972
970
678
900
923
565
835
412
312
944
522
601
523
189
490
603
525
941
358
897
735
210
873
743
425
138
391
698
107
692
414
479
15
337
313
10
743
358
182
339
221
898
689
344
30
365
477
766
617
434
809
448
422
609
70
413
12
324
523
817
693
129
463
79
961
156
451
659
353
344
976
493
590
537
121
523
129
2
901
698
518
114
489
259
694
463
556
25
557
516
501
906
140
3
991
663
251
460
543
531
529
583
746
862
858
775
916
163
612
292
105
223
530
108
499
126
827
925
210
169
8
71
973
624
670
476
936
85
687
170
561
649
83
0
337
471
445
691
797
567
13
340
818
94
624
256
655
274
137
781
323
246
781
854
952
383
747
426
699
197
569
962
584
796
838
771
555
125
495
104
170
725
784
518
520
998
832
731
659
511
922
499
852
750
245
555
623
373
209
376
666
204
918
365
616
307
186
958
147
106
121
331
538
68
839
828
326
522
890
337
227
581
824
559
774
751
202
953
346
863
660
938
991
313
305
177
160
107
739
776
301
577
965
395
854
643
907
434
470
560
465
381
749
640
681
690
317
215
272
836
614
472
972
581
189
281
209
906
548
843
